-0.015221453273592587
0.012490053388901136
0.002283935347870456
0.002966685577790928
0.005879628862804305
0.0033634209292192296
0.0053494687996420275
0.007733238686211372
0.005687053717528759
0.006635998939923418
0.01685374132044915
0.004566065785491999
0.005040598798285167
0.009055241008930386
0.0019222364733812933
0.006488299485481455
0.008584566182793336
0.006748409230227543
0.008127455287486065
0.0023233192222278554
0.008899009238022554
-0.004913048306766241
0.00915829502749338
0.0019143398983173662
0.0024414807631702585
0.012552110247399356
0.012278196817192536
0.0025694257092356413
0.008340631047983563
0.002568793153638226
0.013616432771460884
0.00044222680805875586
0.001462206060618245
0.00943593193887125
0.017962392528857177
0.007050455155658598
0.005772428576741795
0.0008195945356754219
0.010972877533110083
0.002735416693330805
0.0034314759567376655
0.005543833537840109
0.005096194570719772
0.0037586981945334145
0.007665462950783716
0.0040106973359964925
0.0036241176748867407
0.01035671639001354
0.002011819850610225
0.008975670176565769
0.0008035194680967339
-0.00046528747902868157
-0.0026232134749277452
0.00039075242834910723
0.013440846636660595
0.004154532977899819
-0.0003123858047868284
0.006220069443493274
0.005772009174197181
0.0064299795101703
0.005514235958770027
0.005204019789810228
0.00027192915288203545
0.001609125904415521
0.007472123134453074
0.005401762170245032
-0.007682263934361275
0.0024107131245665898
-0.007330902097052327
0.004265212207640902
0.00900547074473532
0.011906632546562532
-0.0047488957504151635
0.0013052725035437205
0.022490411728989974
0.0020379545016213476
0.006502775203259805
0.014819927180898428
0.00408300381001365
-0.000332705758593188
0.005890045085373974
-0.0004344240250415577
0.0020637369719076325
0.0014959891937869178
0.008330008844778155
-0.0010021178601425265
0.015165812957274915
0.01397337989920441
0.007870084840037246
0.0026079180247164774
0.006482790142523305
0.008296418606177396
0.014904826397643702
0.005871946684502406
0.005858130472805953
-0.0015068348014216984
0.012410780363518555
0.002295960194206342
0.019190979643588225
0.007344753990969334
0.027647826201750728
0.003131086820148528
0.004489164874693632
0.004711478566434713
0.007130510256286688
0.0005674019853953792
0.0048898479963365785
0.004642758040485654
0.0027839760353500845
0.01474613862262887
-0.0018408511758171897
-0.001242696803483263
0.0008983783005153526
0.003948198271213141
0.004678624118625128
0.0071163610116093574
0.0013449625540102534
-0.001446997011282437
-0.0011788395740485072
0.004911760155797049
0.00024252758314939098
0.02425357314204185
0.0007624799729314164
-7.0558120961204e-05
0.0016439795451770062
0.005585629012015204
0.004308452643080795
-0.00017492644480849345
0.006677175332484102
0.005507921732579246
0.0022645468131534115
0.0099533590116215
0.005703037242053038
0.007171014899382065
0.009414476789359645
0.012301116821066606
0.006789186452194762
0.01448009250797077
-0.0009136549623314476
0.005848080029987307
0.004957939674813504
-0.008584413312048757
0.0045211600218852495
0.0027810403863620615
0.0038255513102829373
0.011048542762874015
0.0025551421942192672
-0.004495046489489707
0.0008056917784626806
0.003955275285893762
-0.0015815549530179905
0.0035608483077699407
0.01601838637112929
0.004247246248971046
0.010287275745250972
-0.004853119090544527
-0.0019975833728615036
-0.0016853420755493507
0.004356939303793958
0.012975869534551258
0.0021384403073613292
0.013078650325137062
0.005227842699397729
0.007405073405343671
0.004072716539883098
0.023305599164518926
0.008218151817052769
9.372486362582678e-05
-0.0003056269251395536
0.001743772001049899
-0.0005446598751200768
0.0057066230105682686
0.006036892852856328
0.0026045355517103604
0.0040656265230722246
0.0317160477194852
0.006705990337422017
0.011496484548574848
0.013646498920112191
0.012990837684902435
0.004834004982892905
0.002649334510473075
0.003632751118361338
0.004343431388671701
0.0024013421807511912
-0.002921786473216568
0.005081338547604125
0.012371733727712527
-0.004362392104071663
-0.006277352518058176
0.0028538634284660494
-0.006525065691311667
0.006765541359579721
0.0022544523184762095
0.004295812568766639
0.0020402322726467657
0.002493644489696406
0.004761087212744193
0.004592902943349588
-0.0003019546136820522
0.002112122985532938
-0.0010083883469010743
0.004253730426714472
0.010451646333780124
-0.002143365184714892
-0.0015805678767062147
0.011218150529355984
0.012527814535347275
-0.00045030231290183983
-0.004583942672622635
0.012015181282462834
0.00026044984530481947
0.000761940733828493
0.011728438842723619
0.011914210623562654
-0.0011328795605224636
0.019673927917876824
0.00716481628995085
0.0020291774439527167
0.010544250935499547
0.008436045703612059
0.0053372423294220425
0.01085777547558046
-0.002927845142182114
0.004904431921017654
0.003517445702194292
0.020002107578140128
0.0006605094801379358
0.007717296523085
-0.00014445637164974586
-0.0019150610253285145
-0.00526040944978729
-0.004819537800826255
0.0006385795542030129
0.002690946609870704
0.0021143878460567907
0.026078567168665582
0.011300894486386203
0.0036261986736489445
0.004832818400180874
-0.00145929066054517
0.007399933396118073
-0.0022763897885056113
0.006346745249014277
0.005220819371393894
0.002836271382227253
0.002950255885313763
0.021508767224659203
0.002220848419807008
0.013514032103212595
0.00806182275575565
0.00902891213390225
0.008621893086192526
0.014402140877599051
0.0031781886519439747
-0.003323654113841058
0.010407093204921827
-0.0018181685460605668
-0.0006865483265368118
0.014580819393047457
0.015379299000828954
0.011939973809428999
0.00969159571631492
0.003958152219128822
0.011062985156536287
0.007122588719937072
-0.003975004896534873
-0.001673476995933303
0.0038977255555157817
0.005232174351844503
0.0032145992812515076
0.0017031642241875742
0.003987567903565517
0.0025876029481346776
0.002028127291901762
-0.002814594236989083
0.007026049021571145
0.008462445061114305
0.007467648114495922
0.0045272514293716905
0.0003621914683770546
0.0018682596268337322
0.0021859873264417806
-0.0008582888713923589
-0.0003806379794371071
0.004204104093405846
0.006910376943906483
0.004198422409677037
0.0035847638332240092
0.00252805675690006
0.0077275650501338914
-5.019644160629757e-05
0.005873124396398749
-0.0006928546933264095
0.005025009170999471
0.005072391085319746
0.005681565152285514
0.013545513217571907
0.0007146029550593419
-8.882704762769699e-05
0.006875093696030111
0.0035421951255377223
0.019873866070180015
0.0046961022914564126
0.0015812229019325236
-0.005643343142783404
-0.002576351104625573
0.003907698737608092
0.018416576551935255
0.004877668145062787
0.000711102231974254
0.00022230418913496853
0.003992612476658563
0.003036235183742165
0.013446952369840438
0.0012665727345139257
0.00881055328896917
-0.001615061738041338
-0.0007361753159400717
0.004711623108379358
0.0030406246478367777
0.001272388933447216
0.0034714132069882954
0.0004603165768089447
0.012464368609737419
0.006674426883638094
0.01693679862067827
0.006155537829586473
0.016735358501044295
0.005253869369152394
0.005668723213243749
-0.00015217294252128802
0.008681603968239337
0.006130537744530123
0.007774311502813267
0.004376617581550094
0.007542366301317738
0.005831592302573016
-0.001871949835579308
0.01016162328286124
-0.003169137701663041
0.0083097049292396
-0.0032949150095567723
0.006900452336772563
0.011450367211098975
0.007853530686067672
0.006633822313118546
0.005511530130082866
0.006675329424759615
0.016671742949049495
0.008814850622389785
-0.0013519213320917147
0.017597115658276957
0.007298281416678474
0.004022975964364031
0.00365767898292997
-0.0030489334822559654
0.0011395605509562077
0.008238152463767322
0.0017375050131396392
